33.769278049468994
42.50621438026428
31.6884765625
39.214457511901855
45.78942060470581
43.40286731719971
25.50900411605835
62.671672344207764
38.812485694885254
35.744953632354736
42.19681787490845
30.58367395401001
38.79148244857788
35.005197525024414
51.48666048049927
49.80713629722595
34.68381953239441
52.49739933013916
36.04283833503723
37.35011911392212
46.813210010528564
19.82956027984619
38.6097629070282
40.418187856674194
58.87443780899048
39.911757946014404
34.9056351184845
30.84500527381897
36.972177028656006
35.42527794837952
56.843689918518066
34.4166841506958
43.62697744369507
42.215513944625854
53.255242586135864
21.75536608695984
57.451162815093994
36.54425883293152
60.07380723953247
29.454216241836548
26.7999746799469
39.93931174278259
63.21118402481079
31.439342498779297
30.653594255447388
54.684717655181885
38.645634174346924
66.21803617477417
32.87191653251648
18.122194290161133
